hla_a:
  A1: 0.1533
  A10: 0.05585
  A11: 0.05915
  A19: 0.12475
  A2: 0.2915
  A28: 0.0468
  A3: 0.1493
  A36: 0.00095
  A80: 0.00015
  A9: 0.11825
hla_b:
  B12: 0.11945
  B13: 0.0283
  B14: 0.0244
  B15: 0.07705
  B16: 0.0458
  B17: 0.04435
  B18: 0.05065
  B21: 0.02385
  B22: 0.02595
  B27: 0.04335
  B35: 0.1006
  B37: 0.01285
  B40: 0.0694
  B41: 0.011
  B42: 0.00095
  B46: 0.00045
  B47: 0.0034
  B48: 0.00095
  B5: 0.07845
  B53: 0.0041
  B67: 5.0e-05
  B7: 0.125
  B70: 0.0046
  B73: 0.00075
  B8: 0.10405
  B81: 0.0002
  B82: 5.0e-05
hla_dr:
  DR1: 0.10893267980394118
  DR10: 0.010053015904771432
  DR11: 0.11528458537561269
  DR12: 0.02335700710213064
  DR13: 0.13173952185655696
  DR14: 0.033059917975392615
  DR15: 0.1356406922076623
  DR16: 0.02875862758827648
  DR3: 0.11933580074022207
  DR4: 0.13449034710413124
  DR7: 0.11438431529458838
  DR8: 0.03351005301590477
  DR9: 0.011453436030809243
