hla_a:
  A1: 0.1533
  A10: 0.05585
  A11: 0.05915
  A19: 0.12475
  A2: 0.2915
  A28: 0.0468
  A3: 0.1493
  A36: 0.00095
  A80: 0.00015
  A9: 0.11825
hla_b:
  B12: 0.11945
  B13: 0.0283
  B14: 0.0244
  B15: 0.07705
  B16: 0.0458
  B17: 0.04435
  B18: 0.05065
  B21: 0.02385
  B22: 0.02595
  B27: 0.04335
  B35: 0.1006
  B37: 0.01285
  B40: 0.0694
  B41: 0.011
  B42: 0.00095
  B46: 0.00045
  B47: 0.0034
  B48: 0.00095
  B5: 0.07845
  B53: 0.0041
  B67: 5.0e-05
  B7: 0.125
  B70: 0.0046
  B73: 0.00075
  B8: 0.10405
  B81: 0.0002
  B82: 5.0e-05
hla_dr:
  DR1: 0.10871087108710871
  DR10: 0.010051005100510052
  DR2: 0.16471647164716471
  DR3: 0.11941194119411941
  DR4: 0.13446344634463447
  DR5: 0.13856385638563856
  DR6: 0.16481648164816481
  DR7: 0.11436143614361437
  DR8: 0.03345334533453345
  DR9: 0.011451145114511452
